16683333
127907382043114	127907418499236	127907396792072
127907421434031	127907451865894	127907436239031
127907460553239	127907501915947	127907475356739
127907499492323	127907535282716	127907514246073
127907549758448	127907585332732	127907564603656
127907590585781	127907635382810	127907605371364
127907631348239	127907668749510	127907646073448
127907672690239	127907718799569	127907687101781
127907714955698	127907752166329	127907729777864
127907755776406	127907802216359	127907770452323
127907794950698	127907835583064	127907809618864
127907834318448	127907868949804	127907849063323
127907873968531	127907918999849	127907888748364
127907913368406	127907952366666	127907928039948
127907952530614	127907985733343	127907967253239
127907991922073	127908035783353	127908006715281
127908031608406	127908069150066	127908046429573
127908070967198	127908102516812	127908085692573
127908110574448	127908152566831	127908125299823
127908149745073	127908185933556	127908164456823
127908189028281	127908235983627	127908204392490
127908227957323	127908269350330	127908242259906
127908267305115	127908302717050	127908281932406
127908307790781	127908352767097	127908322517365
127908347577948	127908386133881	127908362276240
127908386341448	127908419500587	127908400976281
127908425939698	127908469550627	127908440823781
127908465277490	127908502917378	127908479916448
127908504716156	127908536284058	127908519537115
127908544357948	127908586334109	127908559065823
127908583516990	127908619700813	127908598362656
127908622819031	127908653067514	127908637476281
127908662319990	127908703117593	127908676966990
127908701250490	127908736484344	127908715863156
127908740647531	127908786534369	127908755526031
127908779935198	127908819901208	127908794667948
127908819211406	127908853267802	127908833890115
127908858825115	127908903317868	127908873479865
127908898493573	127908936684675	127908913167532
127908937289073	127908970051282	127908951988615
127908977076115	127909020101379	127908991771948
127909016448907	127909053468083	127909031068948
127909055493032	127909086834811	127909070458615
127909094889698	127909136884841	127909109531948
127909134205907	127909170251547	127909148894698
127909173423615	127909203618270	127909188101490
127909212851573	127909253668321	127909227519407
127909251802115	127909287035089	127909266498073
127909291036198	127909337085295	127909305711407
127909331531657	127909370451844	127909346175823
127909371107032	127909403818815	127909385783365
127909410192115	127909453868579	127909424905573
127909449572282	127909487235320	127909464184073
127909489128865	127909520601996	127909503604615
127909528379115	127909570652064	127909542974240
127909568107615	127909604018829	127909582667532
127909607914365	127909654068845	127909622573157
127909647378324	127909687435787	127909662097157
127909687115157	127909720802333	127909701751365
127909726952532	127909770852375	127909741675615
127909766206782	127909804219091	127909780910282
127909805369407	127909837585772	127909820067032
127909844814949	127909887635818	127909859511240
127909884216449	127909921002600	127909898847157
127909923498324	127909954369259	127909938208157
127909964811699	127910004419510	127909979378782
127910003691615	127910037786081	127910018304532
127910043275324	127910087836245	127910057916740
127910082521449	127910121202861	127910097211740
127910121734449	127910154569574	127910136136865
127910170315865	127910204619614	127910185048990
127910219124365	127910254669663	127910233778740
127910267325782	127910304719750	127910281990282
127910306739491	127910338086464	127910321405907
127910346871657	127910388136568	127910361719157
127910386262782	127910421503259	127910400968241
127910425911907	127910471553277	127910440755491
127910465648199	127910504920089	127910480325907
127910505050741	127910538286725	127910519422074
127910545081991	127910588336812	127910559416949
127910584976824	127910621703529	127910599568782
127910623962532	127910655070224	127910638717324
127910663907282	127910705120260	127910678541782
127910703388574	127910738487022	127910718129699
127910743494991	127910788537057	127910758060032
127910783207199	127910821903789	127910797837282
127910822803699	127910855270525	127910837476907
127910862343282	127910905320534	127910877017116
127910901913699	127910938687279	127910916476782
127910941690866	127910972053986	127910956248616
127910981276533	127911022104033	127910995977991
127911021197616	127911055470793	127911036077616
127911060984699	127911105520834	127911075715408
127911100418324	127911138887623	127911115032074
127911139798283	127911172254267	127911154229074
127911179524158	127911222304288	127911194104366
127911218829658	127911255671056	127911233507533
127911258264824	127911289037765	127911272836033
127911297863491	127911339088451	127911312681449
127911338662491	127911372454529	127911353298324
127911378629783	127911422504587	127911393208408
127911418439574	127911455871327	127911433062533
127911457637866	127911489238020	127911472301658
127911497160658	127911539288067	127911511779324
127911536184408	127911572654812	127911550750491
127911575314199	127911606021551	127911589928408
127911614766116	127911656071564	127911629428449
127911654027491	127911689438265	127911668626866
127911693004908	127911739488366	127911707636575
127911732227158	127911772855068	127911746721533
127911771381450	127911806221783	127911785950700
127911810615991	127911856272052	127911825200825
127911849920491	127911889638586	127911864599575
127911889295700	127911923005576	127911903888616
127911928785741	127911973055309	127911943402783
127911968203158	127912006422086	127911982821908
127912007295825	127912039788773	127912021745075
127912046269658	127912089838783	127912060885825
127912085850450	127912123205679	127912100504991
127912125177866	127912156572255	127912139708075
127912164351408	127912206622318	127912178930283
127912203524866	127912239989052	127912218155700
127912242770241	127912273355730	127912257335658
127912281874950	127912323405783	127912296529575
127912321021158	127912356772522	127912335610491
127912361243325	127912406822740	127912375717867
127912403145200	127912440189300	127912417892200

