16683333
127424262292050	127424318564701	127424287574467
127424352224675	127424401981483	127424377594759
127424442297551	127424485398259	127424467932759
127424534124426	127424585498389	127424559491884
127424621908134	127424668915173	127424647524009
127424710396967	127424752331933	127424735652342
127424798516842	127424852432073	127424823733967
127424887389592	127424935848858	127424912868926
127424974515592	127425019265650	127424999820301
127425063572217	127425119365807	127425088824801
127425156434593	127425202782545	127425181861176
127425245028884	127425286199326	127425270779676
127425330164801	127425386299458	127425355760218
127425416183634	127425469716271	127425441596926
127425506760009	127425553132996	127425531948634
127425594293176	127425636549811	127425619794468
127425680671759	127425736649948	127425705848968
127425770589551	127425820066723	127425795829134
127425859696176	127425903483507	127425884914801
127425949051343	127426003583620	127425974600843
127426037588260	127426087000432	127426063119551
127426124858343	127426170417205	127426150332468
127426212498468	127426253833985	127426237930010
127426297233385	127426353934113	127426322402093
127426383160801	127426437350878	127426408338301
127426469492218	127426520767747	127426494995760
127426556428760	127426604184438	127426581555843
127426639629052	127426687601245	127426665110468
127426723641177	127426771018024	127426749105760
127426807718135	127426854434791	127426832953260
127426892287593	127426937851547	127426917535218
127426977565635	127427021268331	127427003075093
127427063330510	127427121368473	127427088485260
127427161407427	127427204785293	127427186864927
127427251783594	127427304885410	127427277307219
127427340658969	127427388302568	127427365965219
127427429212969	127427471718968	127427454549927
127427518054219	127427571819102	127427543263760
127427604845052	127427655235879	127427630088635
127427691634344	127427738652668	127427717138927
127427779307260	127427822069414	127427804761052
127427866206385	127427922169556	127427891386927
127427950638511	127428005586338	127427976137344
127428035203344	127428089003090	127428060559052
127428121144969	127428172419908	127428146269927
127428211067761	127428255836698	127428236622427
127428302215636	127428355936812	127428327631094
127428393472302	127428439353596	127428419173469
127428480621427	127428522770933	127428506145677
127428575649802	127428622870499	127428600881053
127428661614594	127428706287915	127428687182719
127428757290553	127428806388012	127428782551136
127428854389803	127428906488179	127428879767678
127428947432136	127428989904326	127428972734928
127429030248344	127429073321121	127429055271594
127429114487844	127429156737893	127429139638969
127429198406303	127429240154702	127429223740553
127429282931678	127429340254789	127429308530928
127429368703636	127429423671555	127429393943386
127429451763970	127429507088356	127429476876220
127429535268761	127429590505189	127429560464470
127429617927803	127429673921950	127429643340511
127429700852720	127429757338699	127429726022886
127429785456220	127429840755481	127429810828720
127429869504761	127429924172251	127429894958345
127429954697595	127430007589075	127429980244886
127430035519303	127430091005828	127430060665637
127430118857345	127430174422598	127430144168095
127430201231637	127430257839361	127430226641845
127430283737262	127430324572814	127430308847053
127430366031845	127430407989584	127430391551012
127430448893595	127430491406348	127430473970928
127430533037178	127430574823133	127430558467303
127430617494887	127430674923268	127430643185803
127430701887845	127430758340062	127430727377304
127430786529554	127430841756818	127430811827095
127430870413012	127430925173587	127430895652262
127430954913054	127431008590380	127430980315804
127431038829929	127431092007606	127431064289262
127431123077804	127431175423937	127431148324220
127431209276429	127431258840715	127431234444179
127431292423512	127431342257493	127431317778179
127431373600512	127431425674306	127431399210887
127431456637346	127431509091059	127431481945471
127431539121096	127431592507847	127431564412512
127431619399512	127431675924639	127431644639346
127431700299721	127431742658062	127431725361846
127431780553554	127431826074801	127431805825512
127431860689096	127431909491620	127431886237721
127431939907512	127431992908364	127431965190054
127432018749554	127432059641801	127432044083012
127432099719804	127432143058587	127432124910346
127432181074304	127432226475368	127432206129429
127432262645804	127432309892126	127432287974596
127432344107804	127432393308900	127432369611221
127432425264138	127432476725720	127432450318429
127432507139846	127432560142459	127432532258888
127432587440388	127432643559243	127432612569096
127432666593513	127432710292685	127432685798846
127432747020763	127432793709466	127432766138346
127432829196555	127432877126248	127432848788180
127432909247721	127432943859688	127432928301846
127432990166055	127433027276475	127433009266930
127433069926430	127433110693236	127433088901305
127433151134680	127433194110011	127433170163846
127433232334138	127433277526796	127433251478346
127433313250888	127433360943535	127433332520971
127433394115180	127433444360328	127433413196013
127433475441221	127433511093769	127433494783930
127433559934972	127433611193910	127433579321513
127433642242305	127433677927326	127433661251805
127433723019472	127433761344079	127433742165388
127433807209180	127433844760875	127433826670972
127433889718847	127433928177671	127433909054138
127433972598597	127434011594441	127433991833555
127434053800680	127434095011206	127434073065180
127434135941555	127434178427988	127434155227805
127434217096180	127434261844797	127434235821389
127434297099014	127434345261536	127434316060305
127434381174264	127434428678327	127434400260264
127434464626514	127434512095081	127434483477180
127434549994139	127434595511869	127434569138889
127434636359055	127434678928701	127434655608805
127434719407930	127434762345456	127434738598639
127434805917597	127434845762229	127434825043055
127434891220347	127434929179127	127434910294847
127434976951014	127435012595792	127434995855472

