16683333
47750759584476	47750800692247	47750774370642
47750776955684	47750817375937	47750788803559
47750796346517	47750834058964	47750805249059
47750810011976	47750850742391	47750822008934
47750827192684	47750867425631	47750838619768
47750842991726	47750884109022	47750855296351
47750859892476	47750900792523	47750871897309
47750877073268	47750917475779	47750888627518
47750895242268	47750934159057	47750905373226
47750909527976	47750950842482	47750922681559
47750927419726	47750967525896	47750938698976
47750945933143	47750984209719	47750956191601
47750960441768	47751000892598	47750972205726
47750979023726	47751017575836	47750989247559
47750994264393	47751034259206	47751005473101
47751011288726	47751050942791	47751022247809
47751030493143	47751067626020	47751039031559
47751044378684	47751084309451	47751055609018
47751059821309	47751100992604	47751072214518
47751077942893	47751117676141	47751089022184
47751096622059	47751134359317	47751105565809
47751111510559	47751151042679	47751122311018
47751129805601	47751167726211	47751138833309
47751145340101	47751184409414	47751155548101
47751159962351	47751201092878	47751172367059
47751178909059	47751217776194	47751188912184
47751195706768	47751234459560	47751205685351
47751212636726	47751251142983	47751222425309
47751227024101	47751267826446	47751239026393
47751245717684	47751284509662	47751255789184
47751260204559	47751301193091	47751275578726
47751277774059	47751317876414	47751289156351
47751295627143	47751334559788	47751305942476
47751313808434	47751351242949	47751322527393
47751329153684	47751367926474	47751339219518
47751346639059	47751384609689	47751355786101
47751361206184	47751401293020	47751372568184
47751379426643	47751417976610	47751389188268
47751397198601	47751434659719	47751405899768
47751412185643	47751451343181	47751422607309
47751429995059	47751468026554	47751439188101
47751445196601	47751484709919	47751455825518
47751461721893	47751501393257	47751472573976
47751477740143	47751518076504	47751489300684
47751494252726	47751534759851	47751507481185
47751512192185	47751551443390	47751522637976
47751530043268	47751568126699	47751539224935
47751545284685	47751584809931	47751556170976
47751563281310	47751601493461	47751572735018
47751580209018	47751618176766	47751589307518
47751595081560	47751634860257	47751606125601
47751610793435	47751651543379	47751623121893
47751627647435	47751668226835	47751640118143
47751646443976	47751684910171	47751656523726
47751664684101	47751701593421	47751672886601
47751678009851	47751718276787	47751689505893
47751695803310	47751734960312	47751706148643
47751714132435	47751751643598	47751722769060
47751727786768	47751768327046	47751739507893
47751743952268	47751785010223	47751756218226
47751760584810	47751801693583	47751773052851
47751779519310	47751818377035	47751789552435
47751797760351	47751835060457	47751806197893
47751812305643	47751851744176	47751822864393
47751827577601	47751868426993	47751839711893
47751845786893	47751885110317	47751856506226
47751862845476	47751901793877	47751872993060
47751881054018	47751918477220	47751889601976
47751895913976	47751935160600	47751906557476
47751911124143	47751951843755	47751923074226
47751928047768	47751968527519	47751939804810
47751945778185	47751985210457	47751956413560
47751963266143	47752001894006	47751973820560
47751981195601	47752018577371	47751989699726
47751994755726	47752035260537	47752006567726
47752011945351	47752051943918	47752023210976
47752029908268	47752068627453	47752039816310
47752047510476	47752085310639	47752056775560
47752061554935	47752101994267	47752073275851
47752080596143	47752118677440	47752089794851
47752096314851	47752135360776	47752106528810
47752110952435	47752152044209	47752123252060
47752127980560	47752168727401	47752139963101
47752145250560	47752185410733	47752156710893
47752164119393	47752202094293	47752173321768
47752179800893	47752218777459	47752189907226
47752195123393	47752235461069	47752206747477
47752213417685	47752252144174	47752223297518
47752228596602	47752268827558	47752240232560
47752247496810	47752285511007	47752256625060
47752261901727	47752302194244	47752273370393
47752278430310	47752318877777	47752290121643
47752297862477	47752335561144	47752306743768
47752311917102	47752352244468	47752323485477
47752328346352	47752368927686	47752340317102
47752346279102	47752385611012	47752356891102
47752364344060	47752402294590	47752373502393
47752379382727	47752418977908	47752390124560
47752393739185	47752435661080	47752406895977
47752412069727	47752452344452	47752423645643
47752429938727	47752469028183	47752440234477
47752446647018	47752485711133	47752456870810
47752461993102	47752502394838	47752473893018
47752482808102	47752519077857	47752490216310
47752495548352	47752535761662	47752507290518
47752515535727	47752552444877	47752523709268
47752530775143	47752569128112	47752540828768
47752543616768	47752585811699	47752557338935
47752562163227	47752602495191	47752573845018
47752581908143	47752619177996	47752590555185
47752595584977	47752635861364	47752607307852
47752614403435	47752652545103	47752623786977
47752633352935	47752669228461	47752640342560
47752647446435	47752685911618	47752657196435
47752660608810	47752702595177	47752674284477
47752679726185	47752719278514	47752690585602
47752699446768	47752735961494	47752707329560
47752712090560	47752752644916	47752724242393
47752731756310	47752769328222	47752740508893
47752746446060	47752786011549	47752757265810
47752762145852	47752802695052	47752773856185
47752778476643	47752819378482	47752790543685
47752795274185	47752836061631	47752807974102
47752812365893	47752852745030	47752824127852
47752830207477	47752869428345	47752840563435
47752845758477	47752886111707	47752857323435
47752862309685	9223372036854775807	47752873958810

