16683333
126806876660131	126806917615876	126806890968673
126806893623673	126806934299443	126806905489964
126806909224423	126806950982643	126806922190506
126806926978756	126806967666023	126806938903381
126806945011798	126806984349468	126806955536714
126806959615714	126807001032778	126806975482964
126806977340339	126807017716051	126806988916631
126806995020964	126807034399353	126807006240548
126807010474673	126807051082676	126807022291548
126807028554923	126807067766105	126807038886131
126807043765506	126807084449403	126807055720464
126807061743381	126807101132763	126807072356964
126807077623964	126807117816146	126807088988881
126807094995339	126807134499576	126807105680006
126807110170089	126807151182955	126807122307464
126807126977423	126807167866385	126807139082590
126807147616590	126807184549863	126807155800923
126807163105715	126807201233105	126807172585881
126807175886381	126807217916354	126807189191423
126807195013423	126807234599698	126807205886131
126807213377840	126807251282956	126807222499006
126807227506798	126807267966364	126807239249506
126807245916465	126807284649786	126807255778590
126807260986423	126807301333046	126807274845881
126807277607131	126807318016734	126807289246631
126807294665381	126807334699858	126807305831548
126807310534923	126807351383114	126807322562590
126807326937798	126807368066467	126807339277256
126807344341381	126807384749917	126807355896006
126807361501256	126807401433216	126807372581715
126807377234881	126807418116541	126807389580506
126807394872756	126807434800371	126807405974590
126807411339673	126807451483544	126807422838548
126807428583215	126807468166738	126807439273173
126807445149090	126807484849990	126807456092631
126807460609798	126807501533336	126807472959423
126807479122631	126807518216894	126807489344548
126807493530423	126807534900018	126807506106965
126807510742131	126807551583482	126807522807881
126807529307256	126807568266777	126807539397965
126807543369256	126807584950158	126807556212215
126807561053215	126807601633679	126807572851381
126807577536381	126807618316774	126807589483048
126807594762006	126807635000124	126807606248006
126807612292756	126807651683637	126807623161090
126807627907840	126807668366879	126807639463090
126807644162798	126807685050243	126807656349048
126807660787465	126807701733559	126807673295840
126807677724798	126807718417029	126807689635131
126807694879631	126807735100297	126807706219173
126807711475215	126807751783848	126807723004006
126807730217923	126807768467180	126807739643673
126807746352090	126807785150325	126807756684923
126807763342881	126807801833841	126807773008548
126807777812840	126807818517104	126807789633090
126807794007506	126807835200774	126807806455506
126807813047423	126807851883776	126807823049965
126807827542090	126807868567219	126807839889923
126807845007590	126807885250577	126807856396215
126807861719298	126807901933945	126807873035382
126807877754007	126807918617165	126807889701673
126807893975590	126807935300563	126807906446507
126807913782715	126807951984025	126807923135923
126807928070673	126807968667398	126807939770173
126807943831257	126807985350738	126807956564715
126807963011507	126808002034088	126807973303423
126807978800548	126808018717446	126807990007132
126807997612173	126808035400680	126808006563215
126808011242257	126808052084183	126808023230340
126808028231632	126808068767500	126808039875382
126808045018673	126808085450762	126808056866423
126808062480298	126808102134095	126808073322757
126808079179215	126808118817498	126808089973382
126808095651507	126808135500836	126808112175340
126808111278382	126808152184198	126808123341757
126808128245715	126808168867545	126808140195090
126808145166673	126808185550882	126808156671257
126808160683340	126808202234245	126808174182715
126808179639340	126808218917686	126808190034048
126808195114090	126808235601018	126808206706465
126808212509173	126808252284478	126808223493715
126808230209465	126808268967772	126808240230173
126808245891048	126808285651036	126808256841382
126808262479215	126808302334504	126808273604715
126808278177673	126808319017775	126808290161007
126808294958423	126808335701190	126808306873173
126808311585882	126808352384449	126808323555382
126808328108465	126808369067914	126808340315882
126808345644715	126808385751212	126808356950882
126808364276382	126808402434513	126808373667465
126808379088382	126808419117884	126808390311382
126808395798507	126808435801613	126808406933090
126808411463882	126808452484778	126808423595340
126808428174257	126808469167965	126808440301507
126808444404840	126808485851280	126808457158757
126808462703257	126808502534757	126808473724882
126808481075007	126808519218046	126808490345840
126808495711173	126808535901360	126808507082423
126808510903048	126808552584729	126808524205465
126808528426382	126808569268187	126808540382674
126808545042840	126808585951741	126808557144174
126808562355549	126808602634803	126808573865632
126808580458549	126808619318187	126808590581549
126808595182215	126808636001944	126808607137340
126808611929215	126808652684813	126808623901715
126808628116674	126808669368215	126808640495340
126808644996590	126808686051624	126808657144757
126808661989215	126808702735121	126808674239549
126808678585924	126808719418252	126808691011007
126808695164215	126808736101940	126808707395924
126808714476715	126808752785295	126808723976590
126808729767674	126808769468533	126808740707340
126808744368924	126808786151700	126808757641174
126808763488882	126808802835394	126808774115007
126808780991590	126808819518606	126808790664465
126808799000924	126808836201808	126808807310757
126808811188007	126808852885205	126808824206215
126808828864882	126808869568532	126808840910924
126808845846007	126808886251854	126808857516507
126808862326674	126808902935190	126808874522507
126808879262257	126808919618626	126808890765757
126808895394965	126808936301912	126808907479590
126808912173340	126808952985257	126808924301924
126808932252215	126808969668721	126808941690340
126808945880215	126808986351962	126808957461465
126808961943007	126809003035400	126808974281674
126808982777465	9223372036854775807	126808990854299

