16683333
46604615685679	46604654147421	46604625961554
46604628971513	46604670830870	46604642453554
46604649025013	46604687514191	46604658693513
46604666057388	46604704197766	46604675950138
46604680842721	46604720880794	46604692210471
46604698281429	46604737564237	46604709354888
46604716168554	46604754247488	46604726219096
46604733227346	46604770930859	46604742161638
46604749409846	46604787614341	46604758804763
46604766396054	46604804297670	46604775914513
46604781919721	46604820981079	46604792818679
46604799480554	46604837664265	46604808881054
46604814598263	46604854347862	46604826407721
46604832685513	46604871031096	46604842177013
46604850106304	46604887714361	46604859016929
46604866961721	46604904397760	46604876339138
46604882710054	46604921081189	46604892306679
46604899324971	46604937764522	46604908950388
46604913675513	46604954447934	46604926488096
46604934343638	46604971131291	46604942413263
46604948595971	46604987814666	46604959073971
46604966636721	46605004497854	46604976316013
46604981490638	46605021181198	46604992479721
46604999909888	46605037864568	46605009055054
46605017900471	46605054548049	46605026095263
46605030946096	46605071231308	46605042435554
46605047452471	46605087914774	46605059127888
46605064823513	46605104597945	46605076416346
46605082301846	46605121281506	46605092561513
46605099234430	46605137964766	46605109095721
46605115426638	46605154648065	46605126297555
46605130167096	46605171331601	46605142583971
46605150838555	46605188014859	46605159219471
46605165669305	46605204698317	46605176439513
46605180382846	46605221381477	46605193180013
46605198756471	46605238065044	46605209386430
46605216886471	46605254748191	46605226762596
46605233815888	46605271431514	46605242632513
46605248539721	46605288115038	46605259339680
46605267742846	46605304798349	46605276732471
46605281535555	46605321481726	46605292675013
46605298579055	46605338165130	46605309486930
46605315007096	46605354848441	46605326926888
46605333149013	46605371531699	46605342731680
46605347781555	46605388215252	46605359458596
46605369374846	46605404898523	46605376735638
46605380377138	46605421581830	46605392896096
46605397683055	46605438265280	46605409513805
46605415541471	46605454948648	46605426845055
46605433923888	46605471631961	46605442894305
46605447798638	46605488315380	46605459594888
46605466085930	46605504998525	46605477050596
46605483175680	46605521681984	46605493143471
46605499614555	46605538365395	46605509492888
46605517052513	46605555048680	46605527069555
46605533125721	46605571731975	46605542953638
46605549576096	46605588415292	46605559820055
46605567360596	46605605098625	46605577410346
46605582917596	46605621782192	46605592905888
46605600125596	46605638465538	46605609593846
46605613809930	46605655148907	46605626874471
46605630619888	46605671832071	46605643128680
46605649348138	46605688515482	46605659814638
46605666975055	46605705198782	46605677166846
46605682076221	46605721882120	46605693190680
46605699055430	46605738565666	46605709838305
46605717304096	46605755249048	46605726816430
46605730795805	46605771932195	46605743174846
46605747911263	46605788615544	46605759959263
46605766306805	46605805299258	46605777713638
46605785696097	46605821982452	46605793145638
46605799065513	46605838665789	46605810201722
46605814036805	46605855349005	46605827079097
46605831980972	46605872032316	46605843355430
46605850622430	46605888715867	46605859920763
46605868488388	46605905399237	46605876968638
46605881395430	46605922082722	46605893367805
46605897604555	46605938766144	46605910507347
46605915320472	46605955449689	46605927514138
46605934642097	46605972132465	46605943567347
46605949384680	46605988815825	46605960515805
46605969034888	46606005499385	46605977543180
46605982051013	46606022182728	46605993313597
46605999236555	46606038866283	46606010126597
46606015073972	46606055549775	46606027638347
46606035831805	46606072233174	46606043597722
46606047437722	46606088915973	46606060228555
46606065964847	46606105599324	46606077667513
46606082878555	46606122283087	46606093814180
46606104326597	46606138966192	46606110100055
46606116644805	46606155649393	46606127949097
46606130504472	46606172332748	46606143608347
46606149996472	46606189016101	46606160590597
46606170233930	46606205699878	46606177265513
46606182549722	46606222382999	46606193524555
46606197570347	46606239066595	46606210440347
46606215536263	46606255749742	46606227824680
46606235775513	46606272433268	46606243791138
46606248065430	46606289116235	46606260413347
46606266596138	46606305799569	46606279063805
46606285463305	46606322483326	46606293625055
46606302321138	46606339166724	46606310303930
46606314355972	46606355865052	46606327953930
46606332826097	46606372533167	46606343983805
46606352635263	46606389216545	46606360827513
46606371174930	46606405900138	46606377996097
46606382455472	46606422583467	46606393868930
46606403236847	46606439266413	46606410646263
46606416043972	46606455949782	46606428741513
46606434737055	46606472633520	46606443823430
46606451932555	46606489316666	46606460440597
46606468419264	46606505999870	46606477811472
46606481321097	46606522683606	46606493978930
46606500571097	46606539367251	46606510772222
46606519151180	46606556049924	46606529304389
46606533326764	46606572733356	46606544172889
46606552592055	46606589416880	46606560661055
46606570744805	46606606100027	46606578070472
46606582047180	46606622783358	46606594127347
46606599757514	46606639466755	46606610639889
46606615603639	46606656150255	46606630040264
46606631716597	46606672833592	46606644033805
46606648151597	46606689516842	46606660849514
46606666807305	46606706200202	46606678274180
46606684852847	46606722883584	46606694085764
46606699419389	46606739566962	46606710875889
46606716784930	46606756250298	46606727839805

