16683333
45501443693862	45501483927121	45501455156362
45501459865445	45501500610467	45501471807112
45501476632945	45501517293823	45501490651153
45501492512153	45501533977297	45501505208570
45501509618112	45501550660534	45501522019737
45501526703487	45501567343900	45501538843612
45501543678528	45501584027305	45501555392445
45501562648237	45501600710632	45501571858278
45501577388778	45501617393951	45501588642320
45501593813028	45501634077321	45501605268445
45501609776153	45501650760969	45501621992528
45501626353028	45501667444038	45501640916570
45501643157112	45501684127377	45501657793237
45501660236195	45501700810902	45501672260737
45501677238153	45501717494111	45501688676237
45501693768403	45501734177488	45501705475362
45501710130487	45501750860820	45501724400903
45501726299945	45501767544215	45501738707945
45501743964362	45501784227638	45501755362778
45501759408778	45501800910955	45501772164153
45501777865070	45501817594409	45501788909778
45501793655445	45501834277670	45501805459903
45501810348320	45501850961038	45501822219612
45501830871945	45501867644295	45501838810362
45501843396820	45501884328036	45501855523820
45501861168862	45501901011193	45501872926278
45501879202695	45501917694334	45501888965903
45501894520653	45501934377825	45501905838528
45501913459153	45501951061185	45501922253362
45501931051653	45501967744425	45501938951987
45501947797653	45501984427948	45501955675487
45501962975487	45502001111172	45501972329737
45501977919695	45502017794618	45501989168237
45501995070112	45502034477880	45502005661820
45502011313070	45502051161224	45502022354112
45502027154987	45502067844632	45502039112570
45502046191820	45502084527930	45502055714987
45502060558237	45502101211284	45502072319737
45502077172654	45502117894762	45502089114154
45502097909820	45502134578007	45502105790904
45502110455945	45502151261352	45502122553154
45502127567029	45502167944693	45502139143695
45502144648945	45502184628211	45502155768820
45502161779612	45502201311636	45502172447237
45502177543237	45502217994765	45502189239279
45502194670529	45502234678193	45502205982029
45502210956362	45502251361603	45502222687570
45502227616820	45502268045016	45502239223904
45502244166445	45502284728281	45502255948570
45502262310029	45502301411545	45502273001320
45502279957945	45502318095069	45502289270279
45502294748987	45502334778377	45502305873404
45502309726279	45502351461903	45502322769695
45502327929529	45502368145085	45502339365779
45502347173570	45502384828433	45502356089070
45502359843154	45502401511879	45502372755779
45502378148945	45502418195147	45502389414820
45502396691237	45502434878656	45502406087862
45502410825862	45502451561738	45502424830612
45502428179737	45502468245289	45502440854945
45502446848362	45502484928558	45502456108612
45502462775945	45502501612011	45502472862487
45502477467529	45502518295288	45502489520570
45502494937279	45502534978646	45502507081362
45502513068820	45502551662167	45502522985654
45502527109570	45502568345269	45502539591154
45502544777529	45502585028718	45502556313320
45502563016779	45502601712126	45502572922112
45502580851654	45502618395292	45502589612654
45502595273029	45502635078853	45502606356695
45502614182945	45502651762139	45502622953779
45502628754154	45502668445367	45502639738279
45502646986237	45502685128907	45502656411821
45502664240446	45502701812259	45502672927279
45502678546987	45502718495753	45502689797696
45502694042237	45502735178800	45502706548987
45502711538862	45502751862275	45502723461737
45502730257237	45502768545683	45502739706737
45502747392696	45502785228886	45502757581321
45502761883654	45502801912346	45502773259362
45502780907946	45502818595758	45502789831612
45502797737446	45502835279253	45502806535779
45502813572071	45502851962449	45502823457279
45502826783821	45502868645629	45502839931612
45502845863446	45502885328982	45502856912404
45502864310987	45502902012545	45502873221446
45502880732404	45502918695911	45502889821487
45502894826487	45502935379120	45502906738487
45502911389821	45502952062617	45502923367654
45502929659946	45502968745937	45502940180571
45502945446071	45502985429139	45502956917696
45502962138029	45503002112483	45502974591112
45502980212404	45503018795953	45502989966112
45502997695779	45503035479359	45503006610904
45503013471154	45503052162712	45503023425196
45503029927862	45503068845902	45503040193237
45503046302904	45503085529246	45503056800446
45503062970571	45503102212819	45503073392654
45503080860821	45503118896162	45503089998196
45503095417696	45503135579336	45503106898946
45503110429571	45503152262670	45503123503654
45503128716987	45503168946128	45503140509862
45503149091321	45503185629582	45503156759737
45503164792487	45503202312937	45503173547821
45503177029446	45503218996250	45503190283946
45503195609737	45503235679557	45503206969821
45503213582362	45503252362813	45503223601154
45503230916071	45503269046178	45503240318737
45503245501654	45503285729758	45503257122237
45503264240362	45503302412871	45503273533404
45503278549404	45503319096647	45503290610737
45503299188321	45503335779573	45503306975571
45503314825612	45503352462976	45503323898196
45503331315154	45503369146324	45503340282487
45503346173487	45503385829736	45503357074321
45503361313738	45503402513160	45503373617779
45503377573238	45503419196403	45503390407946
45503395594654	45503435879869	45503407107279
45503411948821	45503452563106	45503423707738
45503428543238	45503469246425	45503440619779
45503445237071	45503485929806	45503457163446
45503462307446	45503502613250	45503473766946
45503481076154	45503519296541	45503493770363
45503495714029	45503535979898	45503507199279
45503513915071	45503552663246	45503523940363
45503528271863	45503569346600	45503540522279
45503545385529	9223372036854775807	45503557189321

