16683333
127683203826799	127683244247106	127683215423716
127683221216091	127683260930341	127683232119757
127683236602091	127683277613726	127683248953966
127683254174632	127683294297070	127683268176716
127683270153591	127683310980526	127683282209299
127683287391382	127683327663832	127683298776632
127683303744674	127683344347181	127683315543091
127683320856341	127683361030518	127683332193632
127683336892049	127683377713878	127683348938757
127683355534799	127683394397263	127683365558341
127683370726341	127683411080588	127683382189674
127683386703382	127683427763929	127683398882174
127683403177882	127683444447319	127683415593799
127683421380549	127683461130667	127683432601966
127683438950799	127683477814062	127683448922882
127683454523174	127683494497482	127683465626424
127683470201007	127683511181089	127683482339466
127683487426549	127683527864336	127683499121466
127683506122257	127683544547455	127683515701799
127683521812257	127683561230782	127683532362091
127683537220591	127683577914276	127683549148549
127683554147674	127683594597528	127683565708632
127683571084257	127683611280849	127683582442757
127683586806716	127683627964254	127683599106966
127683604800591	127683644647608	127683616209174
127683620883966	127683661330945	127683632656674
127683637500882	127683678014259	127683649233007
127683655303174	127683694697643	127683665831174
127683670327174	127683711381120	127683682544841
127683687285716	127683728064310	127683699216549
127683703934049	127683744747766	127683715901091
127683721898966	127683761431196	127683732565549
127683737367049	127683778114468	127683749304674
127683753855424	127683794797885	127683766008674
127683771277383	127683811481089	127683782644883
127683788584799	127683828164671	127683799299008
127683804220883	127683844847852	127683816046758
127683820702091	127683861531238	127683832651924
127683836427841	127683878214623	127683849396674
127683854221674	127683894898005	127683866083341
127683871604091	127683911581387	127683882783008
127683888731216	127683928264591	127683899516799
127683905612383	127683944948074	127683916338924
127683921787758	127683961631361	127683933005133
127683937677341	127683978314663	127683949408258
127683954242674	127683994998136	127683966122674
127683970973591	127684011681417	127683982860674
127683988826883	127684028364850	127683999599674
127684006366758	127684045048134	127684016226633
127684021576133	127684061731432	127684032838133
127684037278716	127684078414783	127684049676049
127684054013424	127684095098263	127684066287091
127684071655341	127684111781522	127684082882591
127684087016799	127684128464920	127684099680216
127684104694924	127684145148399	127684116308549
127684120404341	127684161831556	127684133460674
127684140876424	127684178514964	127684149717133
127684155768466	127684195198274	127684166322674
127684172201258	127684211881634	127684182997716
127684187721049	127684228565147	127684199683383
127684204401008	127684245248386	127684216565424
127684222145591	127684261931772	127684233131216
127684236846383	127684278615176	127684249762174
127684254504258	127684295298470	127684266454008
127684272688258	127684311981875	127684283190091
127684288694424	127684328665263	127684299809258
127684304669549	127684345348513	127684316465841
127684321592216	127684362031872	127684333154091
127684338063258	127684378715378	127684349886008
127684354509716	127684395398605	127684366526424
127684371502091	127684412081953	127684383335299
127684389299049	127684428765285	127684399998299
127684404966758	127684445448610	127684416951174
127684423631758	127684462132057	127684433250591
127684437611174	127684478815373	127684449946258
127684456516633	127684495498775	127684466682508
127684471130341	127684512182136	127684483279966
127684487923800	127684528865550	127684500134841
127684505318841	127684545548771	127684516755758
127684521097675	127684562232238	127684533510175
127684540331966	127684578915683	127684550079216
127684557875925	127684595598840	127684566860883
127684571923175	127684612282307	127684583577425
127684590916300	127684628965657	127684600117591
127684605304550	127684645649092	127684616917925
127684621642716	127684662332286	127684633527633
127684638893758	127684679015999	127684650290008
127684656940008	127684695699141	127684666888383
127684674136383	127684712382349	127684683485800
127684688798550	127684729065733	127684700250258
127684705021341	127684745749274	127684716945883
127684722015008	127684762432439	127684733609675
127684738621883	127684779115867	127684750378716
127684756695466	127684795799131	127684767009133
127684772222716	127684812482516	127684783729841
127684790367175	127684829166018	127684800308258
127684804634216	127684845849160	127684817010091
127684822302008	127684862532690	127684833762258
127684837891133	127684879216108	127684850316716
127684855513758	127684895899415	127684867179216
127684874351716	127684912583040	127684883842216
127684890859383	127684929266135	127684900505466
127684903929841	127684945949407	127684917218175
127684923030050	127684962632674	127684933814800
127684938943216	127684979316088	127684950503300
127684954946300	127684995999483	127684967106216
127684970916591	127685012682858	127684983843133
127684988169841	127685029366274	127685000596925
127685005514508	127685046049563	127685017332466
127685023289800	127685062732832	127685034018175
127685039008216	127685079416391	127685050676800
127685056975966	127685096099526	127685067244008
127685071663841	127685112782850	127685084088341
127685089813258	127685129466204	127685101177050
127685104403341	127685146149712	127685117268841
127685121595841	127685162832966	127685133959383
127685137999591	127685179516309	127685150778633
127685158254717	127685196199641	127685167383133
127685171932050	127685212883008	127685184114758
127685188359133	127685229566352	127685200739258
127685205148008	127685246249811	127685217451675
127685221593967	127685262933084	127685234080883
127685237798550	127685279616431	127685250896467
127685257276217	127685296299806	127685267498300
127685274657925	127685312983171	127685284309258
127685288779508	127685329666517	127685300900592
127685305728133	9223372036854775807	127685317777883

