16683333
46987563802404	46987603897049	46987575113279
46987579798362	46987620580196	46987591781487
46987596555612	46987637263583	46987613241779
46987615639112	46987653947119	46987625106654
46987632984987	46987670630288	46987641761320
46987646736529	46987687313839	46987658682029
46987665498445	46987703997166	46987675106029
46987682000195	46987720680506	46987691933195
46987695719195	46987737363797	46987708621904
46987715193654	46987754047245	46987725354237
46987731728779	46987770730423	46987741969654
46987746589154	46987787413861	46987758712445
46987764939320	46987804097292	46987775303779
46987782915279	46987820780670	46987792108279
46987797314362	46987837463972	46987808956279
46987814595404	46987854147426	46987825423987
46987830556904	46987870830744	46987842038779
46987848761737	46987887514119	46987859181112
46987866166487	46987904197281	46987875488654
46987881535779	46987920880612	46987892147279
46987898997695	46987937563976	46987908798112
46987915567237	46987954247518	46987925933487
46987932859195	46987970930813	46987942047737
46987946108654	46987987614354	46987958885904
46987964171070	46988004297582	46987975550862
46987982702362	46988020980767	46987992206320
46987997349737	46988037664299	46988009038820
46988015034529	46988054347487	46988025538570
46988031109529	46988071030798	46988042353112
46988047309029	46988087714373	46988058926570
46988065610779	46988104397740	46988075579570
46988081358154	46988121081262	46988092329612
46988095562570	46988137764261	46988109343529
46988114325279	46988154447625	46988125761695
46988132719279	46988171131052	46988142302446
46988149822946	46988187814435	46988158943112
46988163811487	46988204497862	46988175688821
46988180572821	46988221181187	46988192505154
46988199496571	46988237864560	46988209094196
46988213706779	46988254547755	46988225810946
46988230663196	46988271231102	46988242486529
46988249261737	46988287914618	46988259104862
46988266421654	46988304597917	46988275706862
46988281843571	46988321281481	46988294850029
46988298044862	46988337964684	46988309251862
46988315281737	46988354648079	46988325964571
46988331634862	46988371331427	46988342550279
46988347542737	46988388014573	46988359295446
46988365156529	46988404697923	46988375960862
46988383070987	46988421381493	46988392690904
46988400358696	46988438064749	46988409357571
46988415282737	46988454748185	46988426052696
46988430006487	46988471431371	46988442714071
46988446960987	46988488114695	46988459418071
46988465692696	46988504798581	46988476070279
46988483385446	46988521481744	46988492626654
46988497697154	46988538164979	46988509389612
46988513261237	46988554848148	46988527107321
46988531380821	46988571531502	46988542803987
46988549167946	46988588214844	46988559407862
46988567209779	46988604898369	46988576123279
46988581994612	46988621581768	46988592693487
46988596615196	46988638264911	46988609504112
46988614516862	46988654948271	46988626257987
46988633060654	46988671631821	46988642816279
46988649880362	46988688315179	46988659431029
46988664663904	46988704998528	46988676339779
46988680112237	46988721681711	46988692930987
46988698267862	46988738365073	46988709733946
46988715918987	46988755048716	46988726268237
46988733560571	46988771731944	46988742848487
46988749093612	46988788415290	46988759739071
46988763964946	46988805098496	46988776619237
46988782329279	46988821781812	46988793057154
46988800136696	46988838465225	46988809662279
46988816740821	46988855148664	46988826270362
46988830973862	46988871832246	46988842987029
46988847427446	46988888515242	46988860183196
46988865161404	46988905198616	46988876564654
46988883930738	46988921882122	46988893088654
46988899449613	46988938565517	46988909692279
46988914678613	46988955248895	46988927123029
46988931538946	46988971932049	46988943152946
46988948651363	46988988615400	46988959941904
46988966447071	46989005298760	46988976477779
46988984986654	46989021982202	46988993138988
46988998964488	46989038665657	46989009814904
46989014382363	46989055348818	46989029014988
46989031028279	46989072032168	46989043316571
46989050179321	46989088715740	46989059925113
46989068556571	46989105399017	46989076535446
46989083065113	46989122082522	46989093272446
46989097421863	46989138765576	46989110027279
46989115635946	46989155448941	46989126738613
46989133675613	46989172132474	46989143317988
46989150256821	46989188815847	46989159924529
46989165635238	46989205499135	46989176980779
46989181503071	46989222182571	46989193434613
46989198849654	46989238865912	46989210089363
46989217929571	46989255549068	46989226784779
46989231362946	46989272232645	46989243511904
46989249686029	46989288915967	46989260162863
46989267319613	46989305599566	46989276812404
46989280164404	46989322282920	46989293535529
46989298416404	46989338966043	46989310249196
46989318354904	46989355649223	46989327000821
46989331756738	46989372332556	46989343621613
46989349594779	46989389015942	46989360262613
46989369495821	46989405699490	46989376849113
46989385195529	46989422382949	46989393508488
46989397148821	46989439066109	46989410380238
46989416629113	46989455749491	46989427048446
46989433788071	46989472432845	46989443552321
46989449421238	46989489116168	46989460456446
46989465917113	46989505799416	46989477196779
46989481980488	46989522482766	46989493719196
46989499866988	46989539166266	46989510333613
46989516141821	46989555849702	46989526977154
46989531115654	46989572532906	46989543800988
46989549277738	46989589216308	46989560782363
46989565465030	46989605899566	46989577069196
46989581488821	46989622583011	46989593774738
46989598283863	46989639266411	46989610415488
46989617482696	46989655949858	46989627106405
46989631577488	46989672633023	46989643784988
46989647926696	46989689316331	46989660568280
46989665291613	9223372036854775807	46989677288655

